0.323398 0.344505 2.59303 0.490996 0.0928558 0.0776628 0.0893254 0.153151 
-0.280224 -0.511354 -2.50866 -0.48323 -0.0324802 -0.103706 -0.086036 -0.328205 
0.207668 0.332326 2.76159 0.45392 0.172216 0.124527 0.0102677 -0.0221325 
-0.364532 -0.443297 -2.31988 -0.615509 -0.20853 -0.238096 -0.0984609 -0.109778 
0.000208212 0.000142073 0.000803415 0.00550172 0.00477821 0.0013233 0.0351264 -0.000282709 
0.0467375 -0.000181354 -3.52082e-05 -2.63747e-05 0.00233413 -5.96457e-07 6.45069e-05 0.00121078 
-0.000497785 -1.47646e-06 0 0 0 0 -3.01132e-11 -4.01255e-07 
6.99686e-05 3.59564e-05 0 0 0 0 -6.17718e-09 -0.000110952 
0.00169283 -3.13257e-05 0 0 0 0 0.00040388 -0.00145986 
0.0119617 -1.12823e-06 0 0 0 0 -1.88497e-08 -8.21829e-06 
0.00231588 6.78282e-05 0.000271576 -0.0210847 0.186225 -0.0011472 0.00110953 -0.00127908 
0.0124234 -0.00349533 -0.000655321 -0.000280469 0.129436 0.000890242 0.000138042 -0.000880626 
-1.23219e-07 -1.61888e-05 -0.000125895 -0.000123 -2.80751e-05 -0.000112831 0.000116721 2.32598e-05 
6.30055e-06 -1.36072e-06 -0.000216045 -0.000245517 -2.50748e-06 0.00121935 -1.66509e-05 -2.11168e-06 
-2.31516e-06 -4.44681e-05 0 0 0 0 -2.55877e-06 -1.46865e-07 
4.08275e-05 -3.82245e-06 0 0 0 0 0 0 
-1.1461e-05 0.00141448 0 0 0 0 0 0 
0.000765385 -0.00222167 0 0 0 0 0 0 
0.000456195 -0.0019448 -0.00681265 0.183571 -0.00014757 -0.000447463 -3.3739e-05 -2.21993e-06 
-0.00386488 5.10484e-05 0.00521179 -0.0004635 0.000121829 -0.00131777 0.000317807 0.00500666 
-0.000306162 0 -0.000626527 0 -7.4926e-05 0 -2.3109e-05 0 
0 0.00189264 0 6.83139e-05 0 0.0015717 0 -2.49157e-06 
-0.000159993 0 0 0 0 0 0.00104876 0 
0 0.00181794 0 0 0 0 0 0.000205852 
0.00120318 0 0 0 0 0 -9.66467e-05 0 
0 0.0315854 0 0 0 0 0 -1.44048e-05 
-3.83637e-05 0 -0.0100006 0 8.19559e-06 0 -1.93117e-05 0 
0 -0.000641668 0 0.142039 0 -9.17641e-05 0 -7.96093e-11 
-0.000406727 0.00294127 0.00494563 0.000333785 0.000957169 0.0062305 0.00106724 0.00153331 
-0.000248347 0.00227323 0.0175746 0.0075371 0.00730289 1.75509e-05 0.000999979 -0.000302408 
0.0047541 0.0264735 0 0 0 0 9.77734e-06 -5.5338e-06 
-0.00106857 0.0305356 0 0 0 0 -2.47653e-06 -1.70973e-07 
0.0183623 -0.0131221 0 0 0 0 0.000129197 0.00102663 
0.041374 -0.0215404 0 0 0 0 -1.72851e-07 4.05005e-05 
0.0463449 -0.000521086 0.142042 -0.00074525 -0.000874375 -0.00143659 -6.99768e-07 -7.07995e-07 
0.0142226 0.0169809 -0.0142501 -7.6377e-05 -0.00100755 -0.000903958 -7.33288e-09 -0.000159684 
-0.00028402 0.00294126 0.00295439 0.00273926 0.00319446 0.0507327 0.00852822 -1.00598e-08 
-0.000191857 0.00299295 0.0029247 0.00468135 0.00296882 0.0501849 0.00299998 -8.53317e-09 
-0.000406796 0.0185567 0 0 0 0 0.003 -5.00241e-06 
-0.00105757 0.000793323 0 0 0 0 -2.42436e-06 -9.17545e-09 
0.000314914 0.000585081 0 0 0 0 0.000129389 0.000381218 
1.3183e-05 -0.000821403 0 0 0 0 -1.70241e-07 0.000203852 
-0.00033983 -0.000511404 -0.00028016 -0.000747137 -0.00449864 0.140516 -4.5166e-09 -1.77778e-10 
-0.000776374 -0.000124878 -0.000634005 -0.00339134 0.0150313 0.147753 -1.15839e-08 -1.34031e-08 
5.50078e-07 -2.7625e-06 -4.6974e-05 0.135575 0.0143623 -0.00667986 -0.000871466 -0.00688509 
-5.50511e-05 -0.000452891 -0.000781218 0.0984485 0.00935714 0.0384649 0.000561576 0.001588 
5.34528e-05 -3.27982e-06 0 0 0 0 8.4377e-07 -0.000219147 
-5.54249e-06 -1.05158e-05 0 0 0 0 -0.000568389 -0.000182419 
1.26876e-07 1.79154e-07 0 0 0 0 -0.000802187 -0.000501672 
1.24893e-05 5.60648e-06 0 0 0 0 -0.000591645 -2.62076e-05 
0.00102029 0.00220014 -0.000328663 -0.0032128 -0.000861388 0.000702059 0.00366393 -0.0927687 
0.000684602 -0.0930284 1.18109e-05 -0.000281165 -0.00288771 -0.00200682 0.00935838 0.000111898 
0 0 0 -0.00237208 -0.000989914 0.106536 0.0194738 0.00310431 
0 0 0 -0.000156827 0.00723629 0.00647515 0.0249031 0.00641149 
0 0 0 0 0 0 0.0086988 -0.000247437 
0 0 0 0 0 0 0.000395317 -1.3325e-05 
0 0 0 0 0 0 -0.000143941 -0.000523353 
0 0 0 0 0 0 -4.95215e-05 -0.000180135 
0 0 0.000180126 0.000141966 0.000286988 0.00081225 0.000151094 -6.01944e-05 
0 0 0 1.481e-07 4.12992e-06 8.68846e-05 -4.20184e-05 -1.34084e-05 
0 0 0 0 0.129141 0 1.65605e-05 0 
0 0 0 3.51514e-05 0 0.0323482 0 1.55413e-05 
-6.74403e-05 0 0 0 0 0 7.00169e-05 0 
0 3.79354e-05 0 0 0 0 0 1.90147e-05 
0.000582562 0 0 0 0 0 -0.0111944 0 
0 -8.13053e-06 0 0 0 0 0 0.000404223 
2.56234e-07 0 1.13713e-06 0 -0.000162659 0 -0.00586222 0 
0 3.5833e-08 0 -1.40432e-05 0 0.000928061 0 0.000215169 
-2.37384e-09 0 0.139416 -0.00558069 -0.000494951 0.00369697 -0.000345445 -0.000902446 
-4.868e-09 0 0.109339 0.0235696 0.0211773 0.00484513 0.00114739 0.00041273 
0 5.25258e-05 0 0 0 0 -0.000202347 -0.00180527 
0.00018234 0 0 0 0 0 0.0131146 -0.000146975 
-6.79406e-09 4.21906e-06 0 0 0 0 -0.00187463 -0.000150964 
-3.92514e-07 -2.5524e-05 0 0 0 0 0.00987285 -0.000132333 
-5.4986e-06 -1e-05 -1.99978e-05 -1.02879e-05 -3.03698e-05 -0.0360676 -0.00302136 3.34321e-05 
-2.03931e-05 -1.1352e-05 -1.0171e-05 -1.98614e-05 -2.6149e-05 -0.0400925 -0.002896 7.99385e-06 
-2.37384e-09 0 -0.000163857 -0.00223829 3.06109e-05 0.00150998 0.00973762 -0.00352465 
-4.868e-09 0 -0.00235143 -0.00031612 -0.000239833 0.0504719 0.0209624 -0.00133406 
0 5.25258e-05 0 0 0 0 0.0848894 0.0944591 
0.00018234 0 0 0 0 0 0.0125348 0.0211001 
-6.79406e-09 4.21906e-06 0 0 0 0 0.000202785 0.0166913 
-3.92514e-07 -0.00295524 0 0 0 0 0.0150002 -3.09371e-05 
-5.53731e-06 -0.0305477 -0.00432672 -0.00302823 -0.00237254 -0.00486161 -0.00314312 0.000555074 
-2.03931e-05 -0.0311352 -0.0040171 -0.00324639 -0.00226895 -0.0042134 -0.0035314 0.000539532 
2.05139 
-2 
