0.282657 0.387443 2.5 0.480091 0.292725 0.408004 0.0990404 0.123089 0.101302 0.123031 
-0.279186 -0.3424 -2.39501 -0.468119 -0.271821 -0.384389 -0.09512 -0.09226 -0.0998456 -0.116275 
0.314437 0.297683 1.10209 0.516858 0.295748 0.305259 0.107921 0.0995201 0.112455 0.0966351 
-0.286312 -0.287702 -1.09791 -0.486054 -0.296327 -0.291599 -0.101111 -0.0959754 -0.0996835 -0.095654 
-0.000161321 0.00499128 -1.76838e-05 1.95501e-06 -0.0052932 0.000765204 0.0343987 -0.000526879 
0.0405166 0.00557632 7.58754e-05 -2.11095e-06 -3.92856e-05 -1.09495e-05 0.000590067 -4.10317e-05 
-0.0166457 -0.000274454 -5.68939e-05 0.000329746 -4.34186e-05 -2.67219e-06 -0.0002354 -7.02778e-06 
3.42422e-05 3.05651e-06 5.61645e-05 0 0 2.94694e-07 -4.51607e-07 4.25911e-08 
-8.7939e-07 -5.69308e-07 1.24734e-05 0 0 -3.77187e-07 -4.41035e-06 -8.53837e-06 
-1.77144e-07 0.00362616 0.00453929 -0.0064399 0.000852512 0.000541299 -3.50172e-05 -5.41841e-09 
0.00198974 0.00016724 2.14015e-05 -0.000524526 0.00171921 0.0176378 -0.00174597 -0.0063754 
-4.49794e-05 0.000999741 -2.24415e-07 0.000294824 -0.00743054 0.0117635 0.000794698 -0.000190293 
0 0 -4.24565e-07 0.000271287 -7.68875e-05 -0.000141225 0 0 
0 -5.4661e-08 -1.80196e-06 -2.35104e-05 -3.69889e-06 2.32546e-07 0 0 
-1.66959e-06 -1.11452e-06 -7.30819e-05 -3.00579e-06 -0.000106758 0 -6.32282e-08 0 
-3.78965e-07 -7.96243e-05 -1.40695e-07 0 0 0 0 0 
-8.47096e-07 0.000124975 6.74326e-05 0 0 -1.40731e-05 3.13481e-06 -8.53834e-07 
-1.17094e-07 0.00020507 -0.00319198 -0.00405808 0.00422157 0.000463195 8.22393e-06 3.41042e-07 
0.000126173 1.99319e-05 -0.0151095 0.000229384 0.00514915 0.000938746 -2.04513e-05 -6.38929e-07 
0.000131289 -0.00504143 0.000999365 0.0218188 -0.00698186 0.00200448 -1.57003e-05 6.02238e-07 
0 0.000235552 0 -5.1682e-06 0 -4.06344e-05 0 0 
0.00370015 0 -0.001814 0 -2.0366e-05 0 -3.31005e-07 0 
0 -0.00276974 0 0.000308193 0 -7.34917e-06 0 -7.47675e-06 
0.0226558 0 -6.01763e-05 0 0 0 2.13529e-05 0 
0 9.64857e-05 0 0 0 6.02628e-05 0 -0.00282808 
6.47739e-06 0 -0.0155765 0 -0.011892 0 -1.08785e-06 0 
0 -9.45303e-06 0 0.0242034 0 0.000449395 0 0 
0 0 8.21226e-05 0 2.07495e-05 0 -1.67426e-06 0 
-0.00017232 0.000319722 1.1884e-06 6.30091e-05 -8.91968e-06 -7.07799e-08 4.15467e-07 0 
-1.05439e-05 0.0045231 -0.000179845 -7.21545e-06 -5.38575e-05 8.95924e-06 8.17486e-06 0.000858444 
0.00349797 0.0149497 -0.00274993 0.000457825 4.38115e-05 -0.00346144 -1.86674e-06 0.00404947 
-0.0023664 -0.000676636 0.000305123 0 0 -6.69554e-06 -0.000103963 -0.00165973 
0.000159082 -0.004388 -0.0108055 0 0 0.00101124 -0.00201177 -3.78079e-05 
-2.03205e-06 0.00364661 0.00146287 -0.0119682 -9.17229e-05 0.00538783 0.00489244 -7.37591e-06 
0.0170845 0.000793398 1.07171e-05 -0.0166396 -0.00699429 0.00108892 -1.21423e-06 0.00574673 
5.07118e-06 -9.81949e-06 -3.45061e-07 -2.39472e-05 -1.91305e-05 -0.00269612 -9.45488e-06 -0.002266 
1.70767e-05 -3.61903e-06 2.71913e-07 1.59768e-05 8.37834e-06 1.7786e-06 0 0 
-0.000724455 4.05241e-06 0.00154496 0.00385424 0.00852082 -3.1896e-05 -3.02203e-08 0 
-0.000370024 0.00125687 0.0340929 1.01125e-05 2.46241e-05 -4.03171e-05 0 0 
-2.87314e-05 -0.00235438 0.0274609 0 0 -3.58401e-11 -3.29057e-08 0 
-4.26819e-05 0.00282283 0.0107103 0 0 0 0 0 
0.000388998 0.00511071 -0.00278928 0 0 0 0 0 
-0.0044254 -0.00380718 -0.000889432 0 0 0 0 0 
-0.0018907 0.000533335 0.000861136 0 0 0 0 0 
0 0 0.01 0.01 0.02 0.03 0 0 
0 0.000393266 0.01 0.00999883 0.02 0.03 0 0 
3.11397e-05 -4.48423e-07 0.00990815 0.0099988 0.02 0.03 0 0 
-1.35134e-06 -7.06651e-06 0.00997602 0 0 0 0 0 
-2.5117e-05 0.000102593 0.0106685 0 0 0 0 0 
-0.000107381 0.00402059 -9.61572e-05 -5.35442e-05 -0.000210035 0.00369744 0 0 
0 0.000366123 2.10893e-06 0.00113391 -0.0138284 0 0 0 
0 -1.41383e-06 0.000674263 0 0 0 0 0 
-0.00115057 0.00058876 0.00555992 -0.00174475 -0.0131743 -0.000168383 -0.00029311 -4.50154e-05 
-0.000877417 0.0119302 -0.0147818 0.00775839 0.00970079 0.000640052 0.000409171 -9.77784e-05 
0.00966814 0.00688113 -0.00259401 -0.00862035 0.00703417 0.000123785 2.30705e-05 -4.08049e-05 
-4.3951e-06 0.00305311 -8.80358e-05 0 0 1.25466e-06 4.02493e-08 -4.45428e-05 
6.70887e-08 5.50656e-09 1.70768e-05 0 0 5.03587e-08 2.25719e-07 -1.67507e-05 
-1.82134e-05 1.61908e-05 1.06193e-06 5.89645e-08 7.1666e-07 6.67487e-06 -1.89873e-05 -0.00124076 
6.98707e-07 2.30087e-06 -2.98122e-07 -1.49493e-07 1.27999e-07 1.30333e-05 5.01815e-06 -0.034175 
1.2693e-07 -0.0344601 1.74141e-05 1.98878e-05 0.000243237 0.000380194 0.00125945 0.000245218 
-0.000412477 -9.06458e-05 -0.00638427 0.00127102 -0.00209333 -0.00107285 0.00283801 0.00247459 
-0.00110846 -0.000441383 0.000308939 0.00305326 0.001818 0.00546996 0.00186285 -0.000235665 
-0.00141494 0.000269511 0.00678193 -0.00635535 0.00659285 -0.00785223 -0.00254303 -0.000289251 
-2.02052e-06 0.0028128 0.00227926 0 0 -0.00384879 -0.00132821 -4.40763e-06 
-7.0628e-07 3.68983e-05 9.9088e-05 0 0 -0.000221782 -0.000972595 -0.00101922 
1.21084e-07 -7.96269e-08 7.85066e-07 -1.56889e-08 1.80884e-05 2.197e-05 -9.14568e-06 -0.00077587 
0 0 0 0 0 0 0.00229551 -1.63004e-07 
0 0 0 0 0 0 0 0 
0 3.62275e-05 0 -6.56004e-06 0 -6.09758e-05 0 -2.83233e-07 
1.09323e-06 0 0.000250008 0 0.00198612 0 -5.23941e-05 0 
0 1.02306e-06 0 -0.00256103 0 -1.5721e-05 0 -0.00443269 
-2.20307e-06 0 0.000418857 0 0 0 -0.00390852 0 
0 2.54184e-06 0 0 0 0.0198672 0 -4.1857e-05 
0 0 -1.88256e-06 0 0.000781154 0 0.000356222 0 
0 -1.17465e-06 0 0.0019647 0 -0.000823681 0 1.0897e-05 
0 0 0.000165196 0 1.49214e-07 0 9.44382e-06 0 
2.00595e-06 0.000402919 -5.12645e-07 2.19938e-05 -0.000372419 -0.00607076 -8.32742e-06 -8.8163e-06 
0 -1.22554e-06 8.24298e-05 0.000365047 -0.0119422 -0.000300782 0.0109166 0.00868013 
0.000308765 -3.72019e-05 1.7599e-05 0.000271635 0.013458 0.000646052 -0.000629604 -7.39869e-05 
7.79368e-09 -6.24557e-09 -0.00021793 0 0 -0.00278956 -0.00525316 -0.000760602 
-1.17977e-05 2.51169e-05 -1.91382e-06 0 0 -0.0017458 -0.000356921 -0.00026702 
-1.01517e-06 -6.49415e-05 3.35531e-05 7.62074e-05 0.000917771 0.00198596 0.0170209 -0.0260679 
1.87467e-06 -5.8692e-09 3.69014e-05 3.84446e-06 0.000681412 0.0321282 -0.000337749 -0.000187384 
3.16506e-07 0 2.18132e-06 8.40421e-07 1.20279e-06 0.00918548 -0.0014712 -0.0261993 
0 2.43038e-06 0 1.55378e-06 1.57213e-06 0.00772572 -0.00690697 0.000515074 
7.73857e-05 0 1.9089e-06 -0.000484038 -3.059e-05 0.00650256 0.00809317 0.00783886 
0 0.000643969 0.00082609 -0.00620478 0.000107241 -0.0003543 -0.0183193 -0.00670321 
-0.000554779 0 0.000506565 0 0 0.0082685 0.00027625 -0.00477587 
0 -0.000305141 5.83277e-07 0 0 -0.00269064 0.00375411 -0.000117541 
8.72368e-06 0 -0.000139266 -4.77123e-05 -0.0142715 -0.0311121 -0.000115258 0.000272808 
0 5.57152e-06 8.28349e-06 0.00241487 -0.0199048 -0.0140001 0.001446 0.000239663 
0 0 4.89878e-05 0.00522879 2.76231e-06 0.000399734 -2.7232e-05 5.60596e-06 
2.09064e-06 -7.20485e-06 -9.66216e-05 0.0005038 9.60407e-06 -1.2535e-05 3.80423e-07 8.91239e-07 
2.4073e-06 0 -0.00873094 8.01614e-06 -0.00746245 0 -0.000444987 9.0787e-07 
-1.08851e-06 0.000133025 -4.71207e-07 -1.00241e-06 0 -0.00305498 0 1.97799e-05 
0.000847578 2.37999e-06 -2.77186e-06 0 0 -0.000168058 0.000650737 8.76287e-07 
2.50657e-06 5.2591e-05 -3.08235e-05 0 0 0.0111088 0.00048054 -0.00154545 
1.06948e-05 -6.13231e-08 -0.0296703 -0.00383292 0.00322089 -0.00982621 0.001147 -2.3553e-06 
1.8316e-05 0.000153982 -0.0299556 -0.0124021 0.020119 -0.00141449 -0.00480902 4.11856e-05 
1.18718e-06 8.31135e-06 -0.0300085 -0.00996377 0.000940212 -0.00187118 3.96329e-06 0.000168861 
2.201 
2.1 
