0.3 0.4 2 0.5 0.1 0.1
-0.3 -0.4 -2 -0.5 -0.1 -0.1
0.3 0.3 0.9000 0.5 0.1 0.1
-0.3 -0.3 -0.9000 -0.5 -0.1 -0.1
0 0 0 0 0 0.035 0
0.035 0 0 0 0 0 0
0 0 0 0 0 0 0
0 0 0 0 0 0 0
0 0 0 0 0 0 0
0 0 0 0 0 0 0
0 0 0 0 0 0 0
0 0 0 0 0 0 0
0 0 0 0 0 0 0
0 0 0 0 0 0 0
0 0 0 0 0 0 0
0 0 0 0 0 0 0
0 0 0 0 0 0 0
0 0 0 0 0 0 0
0 0 0 0 0 0 0
0 0 0 0 0 0 0
0 0 0 0 0 0 0
0 0 0 0 0 0 0
0 0 0 0 0 0 0
0 0 0 0 0 0 0
0 0 0 0 0 0 0
0 0 0 0 0.03 0 0
0 0 0 0 0.03 0 0
0 0 0 0 0 0 0
0 0 0 0 0 0 0
0 0 0 0 0 0 0
0 0 0 0 0 0 0
0 0 0 0 0 0 0
0 0 0 0 0 0 0
0 0 0 0 0 0 0
0 0 0 0 0 0 0
0 0 0 0 0 0 0
0 0 0 0 0 0 0
0 0 0 0 0 0 -0.035
0 -0.035 0 0 0 0 0
0 0 0 0 0 0 0
0 0 0 0 0 0 0
0 0 0 0 0 0 0
0 0 0 0 0 0 0
0 0 0 0 0 0 0
0 0 0 0 0 0 0
0 0 0 0 0 0 0
0 0 0 0 0 0 0
0 0 0 0 0 0 0
0 0 0 0 0 0 0
0 0 0 0 0 0 0
0 0 0 0 0 0 0
0 0 0 0 0 0 0
0 0 0 0 0 0 0
0 0 0 0 0 0 0
0 0 0 0 0 0 0
0 0 0 0 0 0 0
0 0 0 0 0 0 0
0 0 0 0 0 0 0
0 0 -0.03 0 0 0 0
0 0 -0.03 0 0 0 0
2
2




0.0300805 0.0400048 0.5 0.050005 0.00985095 0.0118558 
-0.0303542 -0.039828 -0.499567 -0.0495698 -0.0100788 -0.0116391 
0.0394742 0.00814635 0.0124087 0.00196143 0.0183383 0.00720118 
-0.0439133 -0.0110771 0.00172398 0.000774954 -0.0102824 -0.00559901 
0.0318524 0.0316814 0.100273 0.051209 0.0139702 0.00945275 
-0.0351822 -0.0321065 -0.0997258 -0.0502689 -0.0134535 -0.0111001 
-1.46233e-05 -0.000118786 1.32299e-05 -4.57753e-06 7.00785e-06 0.00511555 5.72393e-05 
0.0054716 1.96077e-05 -6.02199e-13 -1.66322e-12 2.19049e-06 7.93982e-06 1.23044e-06 
-1.0497e-05 -2.28966e-11 0 0 0 -4.64742e-06 -3.87872e-05 
2.1249e-05 2.06372e-05 0 0 0 -0.000158715 -1.5926e-05 
-2.5523e-07 3.24841e-05 0 0 0 -3.86017e-05 3.91886e-05 
6.77878e-06 0.000389346 0.000567992 -0.000292065 -0.000569256 -1.73699e-07 2.61487e-05 
-5.15493e-05 0.000735695 4.1812e-05 -0.000319842 -0.000568688 0.000191511 -3.39151e-05 
9.10979e-05 0 -2.33458e-06 -2.97545e-12 -1.88282e-12 0 0 
-0.000163171 -4.01529e-06 4.50668e-05 0.00111122 0 0 0 
0.000225802 0.000106488 0 0 0 0 -3.14277e-14 
0.00104781 -0.000145241 0 0 0 2.36003e-05 0 
1.30633e-05 -0.00133589 0 0 0 2.21012e-05 0.000453628 
-0.00254755 -6.74211e-05 -0.00049312 -0.000153219 -8.24473e-05 -0.000249575 -1.28604e-05 
7.21588e-05 5.20221e-06 -6.43514e-06 -0.00013951 2.73458e-05 0.00245891 -2.86266e-05 
0 -1.99404e-05 0 -2.1781e-05 0 0 0 
1.23274e-05 0 -4.10827e-05 0 9.03456e-08 0 0 
0 1.14022e-05 0 0 0 -8.87311e-06 0 
-7.70527e-05 0 0 0 0 0 6.48234e-05 
0 -0.000168144 0 0 0 -4.70344e-06 0 
0.00054819 0 -0.000207711 0 0.000391726 0 -7.65621e-13 
0 1.36927e-06 0 0.000567816 0 0.000157607 0 
-0.000514523 -1.13494e-05 -6.67198e-05 3.56162e-05 0.0040771 0 0 
-4.56939e-06 -3.36111e-05 1.37429e-06 6.74699e-05 0.00300001 0 0 
-1.72884e-05 0.00244971 0 0 0 0 0 
-1.07971e-08 0.000700577 0 0 0 0 0 
0.000376438 0.00246445 0 0 0 0 -1.94314e-11 
9.15136e-05 -2.93906e-05 -0.000253552 0 0 0 -3.00029e-11 
0.00113499 4.05898e-05 -0.00408618 0 0 0 0 
-0.000238124 -8.70691e-05 -0.000208722 3.47046e-06 -9.56488e-05 -0.00241737 8.58118e-05 
-0.000215773 -0.000175218 -0.000390483 0.000195057 8.43524e-05 -0.000220945 -0.000405605 
-0.00154233 -0.000105477 0 0 0 -3.29107e-05 -1.53462e-05 
5.16486e-06 -0.00140746 0 0 0 -1.56412e-05 -1.29263e-05 
1.08186e-07 -6.88153e-07 0 0 0 -5.79501e-06 2.60208e-07 
3.65207e-08 3.11945e-06 -2.87805e-08 2.9336e-07 8.3857e-06 -0.000416607 3.01159e-05 
-2.27099e-05 -0.00036664 -2.74088e-05 3.88013e-05 3.29385e-05 -6.39858e-05 9.09719e-06 
2.07822e-06 0.000226872 6.1538e-05 -0.000181075 -0.000198309 -2.8797e-05 -5.12289e-05 
8.707e-07 -0.000699586 -0.00131034 -0.000298521 -7.91518e-05 0.000196785 -4.39691e-06 
-0.0002109 -0.00114616 0 0 0 0.00101148 -2.64677e-05 
-0.000389543 -0.000279005 0 0 0 0.00043776 0.000962703 
9.27495e-05 0.000614305 0 0 0 0.00161695 -1.38949e-05 
8.27297e-05 -5.22366e-05 3.04148e-05 -4.97088e-05 -2.19415e-06 -2.89069e-05 -1.01542e-06 
-1.52297e-06 -1.26716e-08 -6.01662e-06 2.58992e-06 -5.18312e-06 -1.09615e-06 -2.59485e-06 
0 1.98166e-08 0 -0.00051702 0 -6.26485e-06 0 
2.90985e-06 0 -0.00011035 0 -2.1718e-05 0 -1.40047e-05 
0 -6.4707e-06 0 0 0 0.00070368 0 
1.1994e-06 0 0 0 0 0 -0.000179981 
0 2.24673e-05 0 0 0 -1.70348e-06 0 
0 0 -0.00027138 0 2.36e-05 0 2.28147e-06 
0 2.91042e-09 0 0.000100654 0 -9.70973e-09 0 
0 0 0 0 -0.000241577 0.000769372 0.00067708 
0 0 0 0 -0.000372487 -0.000213302 -6.23249e-05 
0 0 0 0 0 -9.14497e-05 -0.00290418 
0 5.07524e-08 0 0 0 0.00242552 -3.32144e-05 
4.47946e-09 0 0 0 0 -0.000333533 -0.000205632 
0 2.06443e-05 -0.00347106 -0.0015925 -0.000469935 -0.000568169 1.92655e-05 
-3.01485e-10 -1.38204e-05 -0.00295861 -1.09244e-05 -0.000231244 -0.000734257 3.61851e-05 
0.400379 
0.4 



0.329706 0.392174 2.5 0.510037 0.0972563 0.124972 
-0.27818 -0.389445 -2.46264 -0.484692 -0.0819684 -0.13695 
0.331828 0.334672 0.923597 0.502282 0.158778 0.0977394 
-0.352398 -0.31653 -0.884955 -0.487258 -0.152579 -0.179813 
-1.46235e-05 -0.000118787 1.32299e-05 -4.57753e-06 7.20298e-06 0.0046468 5.72393e-05 
0.00515662 2.00404e-05 -6.02199e-13 -1.66322e-12 2.19049e-06 7.87166e-06 1.23044e-06 
-1.0497e-05 -2.28966e-11 0 0 0 6.91058e-06 -3.87873e-05 
2.1249e-05 -0.00023427 0 0 0 -0.000150873 -5.94628e-05 
-0.000109331 0.000695232 0 0 0 0.00429486 0.000694328 
-0.000330887 0.00038875 0.000524379 0.00159259 -0.00215118 0.0121319 -0.000679939 
-5.61761e-05 0.000371671 0.00094098 0.000858635 0.0109753 0.00338889 -0.000171223 
0.000136597 0.00497867 -1.6926e-05 3.41624e-07 -1.88282e-12 0 0 
-0.000133962 -0.00059848 0.00511951 0.00104008 0 0 0 
0.00621427 -0.00142526 0 0 0 0 -3.14277e-14 
0.000682826 -0.000344916 0 0 0 2.36003e-05 0 
-0.000454371 -0.00698867 0 0 0 2.21012e-05 0.000453628 
-0.00262472 -0.000845145 -0.0017749 0.0165388 0.000710334 -0.000249575 -0.000113019 
-0.0018746 -0.00282691 -9.39208e-05 -0.000502712 -0.00217226 0.0021912 -2.86243e-05 
0 -1.89694e-05 0 -2.17737e-05 0 0 0 
0.00386901 0 -4.30007e-05 0 8.7399e-08 0 0 
0 -0.00834335 0 0 0 2.65462e-06 0 
-0.00804497 0 0 0 0 0 0.000201167 
0 -0.000948942 0 0 0 0.000164394 0 
0.000154342 0 7.38946e-05 0 0.000160082 0 -6.6389e-09 
0 1.36927e-06 0 0.01339 0 -6.3252e-05 0 
-0.000514523 -1.13494e-05 -2.19077e-05 3.56162e-05 0.00405718 0 0 
-4.56939e-06 -0.000111265 6.87773e-05 0.000197713 0.00300005 0 0 
-7.07971e-06 0.00360234 0 0 0 0 0 
0.00619779 0.000764052 0 0 0 0 0 
0.0147377 0.00560467 0 0 0 0 -1.94314e-11 
0.00289539 0.0235622 0.0064348 0 0 0 -3.00029e-11 
-0.00564907 -0.0163318 -0.000214779 0 0 0 0 
-0.0118696 -0.00527836 0.0254466 -0.00971613 0.00312308 0.0045087 0.00354525 
0.000194456 -0.00591891 0.00265736 0.000191409 0.000472356 -0.000321195 0.00310767 
-0.00143783 -0.000356495 0 0 0 -0.000178587 3.10228e-05 
-3.2826e-06 -0.00130634 0 0 0 -3.43847e-06 4.36147e-05 
1.82469e-05 3.02477e-05 0 0 0 0.00807612 6.68089e-05 
3.65207e-08 0.000675568 3.23889e-07 8.37137e-07 -0.000100317 0.000579565 -0.00367022 
-2.53226e-05 -0.00033264 -2.88578e-06 0.0231807 3.32788e-05 0.000145865 0.00217609 
2.18203e-06 -4.49948e-05 -0.0016976 0.0162522 -0.00210882 0.000488494 -4.75443e-05 
-0.000422265 -0.00520837 -0.00565277 0.00458272 0.00736938 0.00064916 -6.02086e-05 
-0.000486354 -0.00151585 0 0 0 0.000370382 -0.00045942 
-0.000389205 -0.000292491 0 0 0 0.00046814 0.000964416 
9.27495e-05 0.000620981 0 0 0 0.00161695 -1.38949e-05 
8.27297e-05 -5.22366e-05 3.04148e-05 -4.97088e-05 -2.19415e-06 -2.89069e-05 -1.01542e-06 
-1.52297e-06 -1.26716e-08 -6.01662e-06 2.58992e-06 -5.18312e-06 -1.09615e-06 -2.59485e-06 
0 0.00474934 0 0.000376649 0 -0.000854972 0 
0.000719955 0 0.00232343 0 -0.00125991 0 -1.37869e-05 
0 0.0033956 0 0 0 0.000694954 0 
0.000211653 0 0 0 0 0 0.000929555 
0 0.000186795 0 0 0 5.15791e-05 0 
0 0 -0.000270075 0 -0.000715926 0 0.000535197 
0 2.91042e-09 0 0.000289824 0 3.02155e-06 0 
-5.96565e-05 1.60096e-07 3.51434e-06 -5.90864e-05 0.00883692 -0.00245573 0.000680909 
0.00204202 0.00101463 0 0 -0.0046564 -0.00240813 -0.00075747 
0.00100876 0 0 0 0 0.00758419 0.00876323 
0.00574011 1.80827e-07 0 0 0 0.00633962 -0.00272019 
-1.57491e-05 0 0 0 0 0.00340498 0.00938094 
0.00039206 1.98152e-05 -0.00434323 -0.00374137 -0.00632251 0.000188766 -0.00631855 
-1.37185e-05 -0.000740921 -0.00759953 0.0032883 -0.000325973 -0.00297142 -0.00890767 
0.430886 
0.4 


0.277391 0.418514 2 0.488986 0.0839126 0.0982474 
-0.299201 -0.385071 -2 -0.495047 -0.107858 -0.0997313 
0.299612 0.347411 0.1474 0.524151 0.104621 0.139676 
-0.296203 -0.272915 -0.052598 -0.447938 -0.114699 -0.0516278 
0.00317263 -4.22732e-08 -6.72831e-08 -0.00270389 -0.00097025 0.035 0 
0.0531492 0 0 0 0 0 0 
0.00299685 -3.84506e-07 0 0 0 0 0 
0.00464264 6.82887e-05 0 0 0 0.0014475 0 
0.0059997 -3.73164e-06 0 0 0 0.00634913 -1.08732e-06 
0.0196352 0.00210834 -8.13569e-06 -1.43792e-06 -0.00344595 0.00374253 -1.23565e-06 
-4.75238e-06 -8.06159e-06 -3.39083e-07 0 -0.00104206 -0.0130953 -5.08672e-07 
0 0 0 0 0 0 0 
0 0 0 0 0 0 0 
0 0 0 0 0 0 -1.88664e-05 
0 0 0 0 0 0.00981725 0 
0 -7.34363e-07 0 0 0 0.00394943 -2.25545e-05 
0 -5.41626e-06 -0.00968392 -0.00357024 0.0432672 3.01206e-07 -2.8484e-07 
0 -4.34068e-06 -2.6322e-05 0.00389509 -7.62748e-05 -0.000118474 -6.35643e-08 
0 -0.00293755 0 -3.52032e-06 0 0 0 
-1.01207e-06 0 -0.000675063 0 0 0 0 
0 0.032837 0 0 0 0 0 
0.00356661 0 0 0 0 0 0 
0 0.000670289 0 0 0 0 0 
0 0 -1.23568e-05 0 0 0 0 
0 0 0 -0.0092934 0 0 0 
-5.97605e-07 0 -0.0109026 -1.63741e-07 0.03 0 0 
0.00194877 -0.000550879 -6.97305e-06 0 0.03 0 0 
0.00380695 0.00866312 0 0 0 0 0 
0.0156042 0.00752538 0 0 0 0 0 
-4.54688e-06 0.0430375 0 0 0 0 0 
0.00579113 -0.00732716 -0.00130484 0 0 0 0 
-0.000150098 -0.0110659 -0.0107622 0 0 0 0 
-3.88119e-05 -0.00354671 0.0140053 0.022463 0 0 0 
-0.00325744 0.00964114 -0.00393879 -0.00432929 0.00167169 0 0 
-0.00255924 0.000330205 0 0 0 0 0 
0.00125895 -5.57488e-05 0 0 0 0 0 
-0.000761507 0 0 0 0 0 0 
0 0 0 0 0 0 -0.035 
0 -0.035 0 0 0 0 0 
-4.56241e-07 -0.00318496 0.0337437 0.00367893 0 0 0 
-0.00161145 0.00762847 0.0133862 -0.0128495 -0.000740881 0 0 
-0.000951995 0.00943194 0 0 0 -0.000581048 0 
-5.32369e-07 -0.000546692 0 0 0 0 0 
0 0 0 0 0 0 0 
0 0 0 0 0 0 0 
0 0 0 0 0 0 0 
0 0 0 -0.00171517 0 0 0 
0 0 0.00130496 0 0.00940722 0 0.0301246 
0 -2.39425e-10 0 0 0 0.0129415 0 
0 0 0 0 0 0 0 
0 0 0 0 0 0 0 
0 0 0 0 0 0 0 
0 0 0 0 0 0 0 
0 0 0 0 0.0483721 0 0 
0 0 0 0 0.00725947 0 0 
0 0 0 0 0 -0.00891707 0 
0 0 0 0 0 -9.64513e-05 0 
0 0 0 0 0 0.000800522 -1.9027e-06 
0 0 -0.03 -9.19128e-08 -0.0022999 -0.0114445 -1.32462e-06 
0 0 -0.03 0 3.02112e-06 0 0 
2 
2 

