0.227055 0.301342 3.59303 0.344787 0.119559 0.0885675 0.0800716 0.21312 
-0.174707 -0.305102 -3.44288 -0.336679 -0.124332 -0.170518 -0.0677384 -0.25051 
0.322494 0.457007 2.59035 0.416226 0.0764846 0.0653015 -0.0884437 -0.0503415 
-0.453194 -0.527892 -2.49112 -0.462518 -0.260269 -0.0682199 0.0528116 -0.119609 
0.00911499 -0.00178081 0.0064215 0.0181765 0.0095412 0.00163105 0.0689087 -0.012792 
0.0745968 0.0105747 -0.000603229 -0.00971219 0.00090574 -0.0189269 0.0001559 0.00598135 
0.00876889 -0.000220438 0 0 0 0 -1.10608e-05 0.000121064 
0.00661681 -0.0018416 0 0 0 0 1.01678e-05 0.00453248 
0.0195236 0.000307106 0 0 0 0 0.000401255 -0.000697501 
0.00848905 -0.00195529 0 0 0 0 0.00235463 0.00561338 
0.0177433 0.00214612 0.0159398 0.00428565 0.0865358 0.0761244 0.0272219 0.0282893 
0.0232315 0.0311224 0.00850617 0.0223196 0.0309189 0.10754 0.0311344 0.0596185 
0.00659114 -0.0108115 -0.0064179 -0.00219589 1.28112e-05 -0.000112514 -0.0122769 -0.00258216 
-0.00379943 -0.0167219 -0.0222395 0.0368651 -0.00046441 0.000845498 -0.0256977 0.000537594 
-0.0142708 -0.00460433 0 0 0 0 -0.0016849 -0.00327247 
-0.025621 -0.00617819 0 0 0 0 -0.0271216 -0.00340308 
-0.00941046 0.011878 0 0 0 0 -0.0338194 -0.00438691 
0.0106752 0.00440031 0 0 0 0 0.0245734 -0.0121989 
0.0322806 -0.00734782 0.0500703 0.122173 0.0200835 -0.0152071 -0.0106364 -0.0183654 
0.00259982 0.00191192 -0.0062345 0.00119575 0.0223321 -0.000777538 -0.0100019 -0.022176 
0.0112301 0 0.0156791 0 -0.00578949 0 -0.00188901 0 
0 0.0105911 0 -0.0141637 0 -0.0014942 0 -0.00100345 
0.0152257 0 0 0 0 0 0.000666855 0 
0 0.0102847 0 0 0 0 0 -0.0202796 
0.0233292 0 0 0 0 0 -0.00120932 0 
0 0.0468847 0 0 0 0 0 -0.0154541 
-0.00555734 0 0.0179988 0 0.00740009 0 -0.00228218 0 
0 0.00238015 0 0.0615494 0 -0.0214065 0 -0.00105024 
-0.0266277 0.000932774 0.0011186 0.00314289 0.0012441 0.0063926 -0.004357 0.00153124 
0.000157044 -0.00910703 -0.0518017 0.00336382 0.0162641 0.00628107 0.000981319 -0.000338105 
0.00403152 0.041022 0 0 0 0 3.88561e-06 -0.000658348 
0.0145228 0.0564878 0 0 0 0 -3.79406e-05 -6.55722e-06 
-0.0084375 0.0576747 0 0 0 0 0.000122626 0.00238652 
0.0400964 -0.010159 0 0 0 0 0.000271883 2.91243e-07 
0.0737712 -0.0463353 -0.0143799 -0.00074525 -0.000874375 -0.00143711 -7.98465e-07 -1.64195e-06 
0.0139557 0.0485073 -0.0381696 -7.68428e-05 -0.00100886 -0.000904504 1.71639e-06 0.000219822 
-0.00327062 0.00261342 -0.00396718 0.00312008 0.000305123 0.0533727 0.00737668 -1.2151e-06 
-0.000900985 -0.00691928 0.000544915 0.00250252 0.0112729 0.0521716 0.00318997 -0.00148706 
-0.00100761 0.0106173 0 0 0 0 0.00128983 -5.23641e-06 
-0.00354798 -0.00396344 0 0 0 0 -2.42436e-06 -0.000723457 
-0.0232094 -0.00825443 0 0 0 0 -0.000164577 0.000382333 
-0.0181514 -0.0225517 0 0 0 0 -1.70241e-07 -0.00319828 
-0.00258047 0.00500481 -0.00578289 0.025239 0.0498925 0.0378934 -9.91296e-05 -1.82803e-08 
-0.000815809 -0.00440269 0.0254367 0.0210102 0.0756092 0.0502969 -1.15839e-08 -9.83868e-09 
-0.0211029 0.00827315 -0.0212663 0.0579917 0.0351532 0.0157559 -0.0273614 -0.0429372 
-0.0111489 0.0298885 0.00380084 -0.0254636 0.0786571 0.0261972 0.000548497 0.00159077 
-0.00153098 0.041401 0 0 0 0 0.00100381 0.00359767 
-0.00819823 0.000253125 0 0 0 0 -0.00314262 0.00714112 
-0.00106045 7.28364e-05 0 0 0 0 -0.0050649 -0.014923 
-0.00224669 5.86233e-06 0 0 0 0 -0.000375858 -0.00704108 
0.00248043 0.00163665 -6.04569e-05 -0.00304333 0.00183851 0.00102261 -0.00075458 -0.0808011 
0.00150665 -0.0879079 -0.00382431 0.00470848 -0.0132951 -0.020059 0.00328767 0.00361727 
-0.00114496 0.00176366 0.00149925 0.00620927 -0.0147574 0.0596663 0.0182079 0.0244104 
-0.0145734 -0.00356246 0.0138927 0.0257156 -0.0834206 -0.0389913 0.000592127 -0.0151438 
0.0103555 -0.000281374 0 0 0 0 0.00599154 -0.0321256 
8.9041e-05 0.0039402 0 0 0 0 -0.0039074 0.0143932 
0.000376234 0.00296557 0 0 0 0 -0.00240619 -0.00344155 
-0.00306579 -0.00629571 0 0 0 0 0.00151685 -0.000388231 
-0.000212281 -0.00190599 0.027909 0.0131353 -0.00188549 0.00419484 0.000775238 -0.000876349 
-0.0019752 7.29317e-05 0.00534117 -0.000893057 -0.00310928 -0.000535543 0.000858603 -2.52644e-06 
-0.00102337 0 0.0322743 0 0.0142235 0 -0.00251044 0 
0 0.017637 0 0.0299945 0 0.0380637 0 0.0044671 
-0.0244982 0 0 0 0 0 -0.0243212 0 
0 0.00142475 0 0 0 0 0 0.0147428 
-0.00907998 0 0 0 0 0 0.0743299 0 
0 0.0151016 0 0 0 0 0 0.08141 
-0.00660107 0 0.00690518 0 0.0347806 0 0.000890344 0 
0 -0.00448348 0 0.0222436 0 -0.00967007 0 -0.00681196 
-2.37384e-09 0 0.0983445 0.0640004 0.0198281 0.0247964 -0.00663844 -0.00104658 
-4.868e-09 4.16279e-07 0.0814088 0.0664873 0.0357731 0.000909711 0.0134175 -0.00942364 
-1.33141e-06 5.72483e-05 0 0 0 0 0.011736 -0.0142307 
0.00277427 0.000203568 0 0 0 0 -0.00879853 0.0278514 
6.09211e-05 -0.000101309 0 0 0 0 0.00155439 0.00488801 
-0.000360547 5.55957e-05 0 0 0 0 0.00747254 0.0182799 
-3.168e-05 -0.00260411 -0.00265564 -0.0227104 0.0163566 -0.0373794 0.00596627 -0.000688881 
-4.67492e-06 -1.698e-06 -0.00759744 -0.0109144 -7.66359e-05 -0.022783 -0.00307956 6.5306e-07 
-4.96239e-05 -4.90999e-05 -8.94825e-05 -0.00223829 3.05753e-05 -0.0656033 0.00910573 -0.00462226 
-2.33355e-05 0.000461055 -0.00235143 -0.000316019 -0.000239833 0.047907 -0.0145236 -0.00411582 
0.000918542 5.03884e-05 0 0 0 0 0.057202 0.103509 
0.000630669 0.00253545 0 0 0 0 0.126655 0.00547708 
0.00141422 -1.54617e-05 0 0 0 0 0.014542 0.112093 
-0.000190936 0.000963377 0 0 0 0 0.00599361 -0.00815635 
0.00342334 -0.0265884 -0.00757395 -0.00385579 -0.00846491 0.0271704 -0.00851687 0.0176068 
-1.17366e-05 -0.0295502 -0.00515403 -0.0168678 0.0219135 -0.0109781 -0.00451247 0.000964772 
1.09764 
-1 
