0.03 0.03 0.1 0.05 0.01 0.01 0.01 0.01
-0.03 -0.05 -0.9 -0.05 -0.01 -0.01 -0.01 -0.01 
0.03 0.03 0.1 0.05 0.01 0.01 0.01 0.01
-0.03 -0.03 -0.1 -0.05 -0.01 -0.01 -0.01 -0.01 
0 0 0 0 0 0 0.003 0
0.004 0 0 0 0 0 0 0
0 0 0 0 0 0 0 0
0 0 0 0 0 0 0 0
0 0 0 0 0 0 0 0
0 0 0 0 0 0 0 0
0 0 0 0 0 0 0 0
0 0 0 0 0 0 0 0
0 0 0 0 0 0 0 0
0 0 0 0 0 0 0 0
0 0 0 0 0 0 0 0
0 0 0 0 0 0 0 0
0 0 0 0 0 0 0 0
0 0 0 0 0 0 0 0
0 0 0 0 0 0 0 0
0 0 0 0 0 0 0 0
0 0 0 0 0 0 0 0
0 0 0 0 0 0 0 0
0 0 0 0 0 0 0 0
0 0 0 0 0 0 0 0
0 0 0 0 0 0 0 0
0 0 0 0 0 0 0 0
0 0 0 0 0 0 0 0
0 0 0 0 0 0 0 0
0 0.003 0.004 0.003 0.003 0.005 0.003 0
0 0.003 0.004 0.003 0.003 0.005 0.003 0
0 0.003 0 0 0 0 0.003 0
0 0 0 0 0 0 0 0
0 0 0 0 0 0 0 0
0 0 0 0 0 0 0 0
0 0 0 0 0 0 0 0
0 0 0 0 0 0 0 0
0 0 0 0 0 0 0 0
0 0 0 0 0 0 0 0
0 0 0 0 0 0 0 0
0 0 0 0 0 0 0 0
0 0 0 0 0 0 0 0
0 0 0 0 0 0 0 0
0 0 0 0 0 0 0 -0.005
0 -0.004 0 0 0 0 0 0
0 0 0 0 0 0 0 0
0 0 0 0 0 0 0 0
0 0 0 0 0 0 0 0
0 0 0 0 0 0 0 0
0 0 0 0 0 0 0 0
0 0 0 0 0 0 0 0
0 0 0 0 0 0 0 0
0 0 0 0 0 0 0 0
0 0 0 0 0 0 0 0
0 0 0 0 0 0 0 0
0 0 0 0 0 0 0 0
0 0 0 0 0 0 0 0
0 0 0 0 0 0 0 0
0 0 0 0 0 0 0 0
0 0 0 0 0 0 0 0
0 0 0 0 0 0 0 0
0 0 0 0 0 0 0 0
0 0 0 0 0 0 0 0
0 0 0 0 0 0 0 0
0 0 0 0 0 0 0 0
0 0 0 0 0 0 0 0
0 -0.003 0 0 0 0 -0.003 0
0 -0.003 -0.004 -0.003 -0.003 -0.004 -0.003 0
0 -0.003 -0.004 -0.003 -0.003 -0.004 -0.003 0




0.0323617 0.0335487 0.399303 0.0488275 0.00852414 0.00764963 0.00853923 0.0153494 
-0.0285004 -0.0516124 -0.391057 -0.0483228 -0.00372963 -0.0104345 -0.00952572 -0.0333581 
-0.028106 0.0747325 -0.0149476 -0.0404501 0.0942658 -0.00329299 -0.0119892 -0.0184109 
-0.0264335 -0.157639 0.00335091 -0.114653 -0.0178322 -0.0187709 -0.0183745 -0.0276031 
0.00136515 0.0139026 0.0868297 0.0260638 -0.00210648 -0.00401656 -0.017201 -0.0192036 
-0.0546596 -0.0607966 -0.113171 -0.0791127 -0.0393037 -0.0410742 -0.0280724 -0.0290914 
0.00021204 0.000145882 0.000210276 0.000121671 0.000463542 0.00047744 0.00351264 -0.000282618 
0.00362379 -0.000176725 -3.14266e-05 -2.63034e-05 0.000760867 -5.96457e-07 6.45069e-05 0.00121078 
-0.000495509 -1.47646e-06 0 0 0 0 -3.01132e-11 -4.00475e-07 
7.2846e-05 3.59564e-05 0 0 0 0 -6.17718e-09 -6.30653e-06 
0.0016932 -3.13257e-05 0 0 0 0 0.000140815 -0.00063671 
0.0119619 -1.12823e-06 0 0 0 0 -1.88497e-08 -3.52052e-06 
0.00231706 6.78282e-05 0.000271576 -0.0210847 -0.0102744 -8.01814e-07 -2.23974e-06 0.000252574 
-0.00111363 -0.00358911 -0.000692162 -0.000290233 -0.0260084 0.000140602 0.000139749 -0.000879189 
-1.23219e-07 -1.61888e-05 -0.000125895 -0.000123 -2.80751e-05 -0.000112831 0.000116721 2.32598e-05 
6.30055e-06 -1.36072e-06 -0.000216045 -0.000245517 -2.50748e-06 0.00121935 -1.66509e-05 -2.11168e-06 
-2.31516e-06 -4.44681e-05 0 0 0 0 -2.55877e-06 -1.46865e-07 
4.08275e-05 -3.82245e-06 0 0 0 0 0 0 
-1.1461e-05 0.00141448 0 0 0 0 0 0 
0.000765385 -0.00222167 0 0 0 0 0 0 
0.000456195 -0.00194478 -0.00681197 -0.00451064 -0.000146929 -0.000447463 -3.3739e-05 -2.21993e-06 
-0.00386488 5.05201e-05 6.14377e-06 -0.000460238 0.00012175 -0.00131777 0.000317807 0.00500666 
-0.000306162 0 -0.000626445 0 -7.4926e-05 0 -2.3109e-05 0 
0 0.00189269 0 6.83139e-05 0 0.0015717 0 -2.49157e-06 
-0.000159354 0 0 0 0 0 0.00104876 0 
0 -0.00102935 0 0 0 0 0 0.000205852 
-0.00027108 0 0 0 0 0 -9.66467e-05 0 
0 -0.00164942 0 0 0 0 0 -1.44048e-05 
-2.98226e-05 0 -0.0099826 0 8.19559e-06 0 -1.93117e-05 0 
0 -0.000642303 0 -0.0137126 0 -9.17641e-05 0 -7.96093e-11 
-0.000406727 0.00294127 0.00494605 0.000318555 0.000193887 -0.000849398 0.00106724 0.00153331 
-0.000248343 0.00227546 0.00481866 0.000680824 0.00136037 1.81559e-05 0.000999979 -0.000302408 
-0.00044679 0.0178277 0 0 0 0 9.77734e-06 -5.5338e-06 
-0.00106617 0.00362482 0 0 0 0 -2.47653e-06 -1.70973e-07 
-0.00125559 -0.00539172 0 0 0 0 0.000129197 0.00102663 
-0.00100171 -0.0215396 0 0 0 0 -1.72851e-07 4.05005e-05 
-0.00363776 -0.000514509 -0.00114107 -0.00074525 -0.000874375 -0.00143659 -6.99768e-07 -7.07995e-07 
0.000611811 -0.00176488 -0.0182806 -7.6377e-05 -0.00100755 -0.000903958 -7.33288e-09 -0.000159684 
-0.00028402 0.00294126 0.00295439 0.00273926 0.00319446 0.0107327 0.00852822 -1.00598e-08 
-0.000191857 0.00299295 0.0029247 0.00468135 0.00296882 0.00501849 0.00299998 -8.53317e-09 
-0.000406796 0.0185567 0 0 0 0 0.003 -5.00241e-06 
-0.00105757 0.000793323 0 0 0 0 -2.42436e-06 -9.17545e-09 
0.000314914 0.000585081 0 0 0 0 0.000129389 0.000381218 
1.3183e-05 -0.000821403 0 0 0 0 -1.70241e-07 0.000203852 
-0.00033983 -0.000511404 -0.00028016 -0.000747137 -0.00449864 -0.0263642 -4.5166e-09 -1.77778e-10 
-0.000776374 -0.000124878 -0.000634005 -0.00337861 -0.000387549 -0.0221409 -1.15839e-08 -1.34031e-08 
2.72896e-07 -2.7625e-06 -4.6974e-05 -0.0132225 -0.000890006 -0.00675453 -0.000873394 -0.00688715 
-5.31584e-05 -0.000452891 -0.00077926 -0.0238414 -0.000416706 0.000179195 -0.000310645 0.00187914 
5.41125e-05 -3.27982e-06 0 0 0 0 -2.7181e-08 -0.000220237 
-6.60873e-06 -1.05158e-05 0 0 0 0 -0.000568389 -0.000181852 
4.94667e-07 1.79154e-07 0 0 0 0 -0.000802187 -0.00050163 
1.39648e-05 5.60648e-06 0 0 0 0 -0.000591645 -2.62076e-05 
0.00102035 0.0021993 -0.000328768 -0.00321273 -0.000861397 0.000698424 -0.000360105 -0.00422827 
0.000684602 -0.000930289 1.20083e-05 -0.000281614 -0.00266937 -0.000863685 -0.000107653 8.37164e-05 
0 0 0 -0.00237208 -0.00100339 0.00156483 -0.000277334 -0.000168582 
0 0 0 -0.000155638 -0.0201984 0.00311574 0.000787498 0.000327888 
0 0 0 0 0 0 0.00449363 -0.000319216 
0 0 0 0 0 0 0.000395317 -1.3325e-05 
0 0 0 0 0 0 -0.000143941 -0.000523353 
0 0 0 0 0 0 -4.95215e-05 -0.000180135 
0 0 0.000180126 0.000141966 0.000286988 0.00081225 0.000151094 -6.01944e-05 
0 0 0 1.481e-07 4.12992e-06 8.68846e-05 -4.20184e-05 -1.34084e-05 
0 0 0 0 -0.00284688 0 -6.24179e-07 0 
0 0 0 0 0 -0.00337838 0 -1.62838e-06 
-6.74403e-05 0 0 0 0 0 -7.411e-07 0 
0 3.79354e-05 0 0 0 0 0 -7.3725e-06 
0.000582562 0 0 0 0 0 -0.0189316 0 
0 -8.13053e-06 0 0 0 0 0 0.000404223 
2.56234e-07 0 1.13713e-06 0 -0.000162659 0 -0.00586222 0 
0 3.5833e-08 0 -1.40432e-05 0 0.000928061 0 0.000215169 
-2.37384e-09 0 -0.0250894 -0.0049763 -0.000494937 -0.00101515 -0.000366214 -0.000902446 
-4.868e-09 0 -0.0248869 -0.004254 -0.000261472 -0.000172723 0.00114235 0.00041273 
0 5.25258e-05 0 0 0 0 -0.000208585 -0.00180527 
0.00018234 0 0 0 0 0 0.0131146 -0.000146975 
-6.79406e-09 4.21906e-06 0 0 0 0 -0.00187463 -0.000150964 
-3.92514e-07 -2.5524e-05 0 0 0 0 0.00987285 -0.000132333 
-5.4986e-06 -1e-05 -1.99978e-05 -1.02879e-05 -3.03698e-05 -0.00360676 -0.00302136 3.34321e-05 
-2.03931e-05 -1.1352e-05 -1.0171e-05 -1.98614e-05 -2.6149e-05 -0.00400925 -0.002896 7.99385e-06 
-2.37384e-09 0 -0.000163857 -0.00223829 3.06109e-05 -0.00920153 -0.00341715 -0.00353119 
-4.868e-09 0 -0.00235143 -0.00031612 -0.000239833 -0.00103287 -0.0217772 -0.00134062 
0 5.25258e-05 0 0 0 0 -0.00660343 -0.0018159 
0.00018234 0 0 0 0 0 0.00547274 -0.000148723 
-6.79406e-09 4.21906e-06 0 0 0 0 -0.00216398 -0.00132173 
-3.92514e-07 -0.00295524 0 0 0 0 0.0062015 -0.000135781 
-5.53731e-06 -0.00305477 -0.00432672 -0.00302823 -0.00303967 -0.00372194 -0.00302264 8.12681e-05 
-2.03931e-05 -0.00311352 -0.0040171 -0.00324639 -0.00349968 -0.00376683 -0.00291241 0.000673657 
0.304948 
-0.3 

