0.305267 0.377975 3.5 0.478776 0.303118 0.391267 0.101785 0.100503 0.121595 0.120327 
-0.268594 -0.345456 -3.45264 -0.488087 -0.298775 -0.357965 -0.0971242 -0.0896295 -0.0732727 -0.114265 
0.301663 0.322646 1.13756 0.511581 0.30598 0.331102 0.136569 0.131615 0.127094 0.0868746 
-0.273967 -0.301573 -1.06244 -0.496546 -0.31025 -0.294885 -0.0988821 -0.0571186 -0.0515972 -0.0758276 
-1.7605e-05 0.000930376 -0.00206969 9.17563e-05 0.000321447 -1.61181e-05 0.03599 -2.71753e-05 
0.0395431 0.000995693 0.000766259 -3.85444e-06 1.22896e-06 -2.15783e-07 6.44894e-08 6.71131e-06 
0.000139537 0.0010414 0.00178795 -8.90481e-07 3.75659e-07 1.71049e-08 1.00231e-06 3.98964e-05 
-0.00178289 0.00205723 2.70381e-05 0 0 7.94875e-07 3.37225e-08 4.70905e-07 
-0.000799159 0.0080705 0.000773671 0 0 -0.000155868 -0.000136749 -2.62696e-06 
0.000838071 0.0013059 -2.07879e-05 0.00425829 0.00445366 -0.000410252 5.072e-05 -0.000106943 
0.00229167 0.0110896 0.00297496 0.00625023 0.00418896 -0.0131623 0.00219159 0.000952219 
0.00140235 0.0012743 -0.000117164 -0.0074603 0.0001061 -0.0143347 0.00131139 0.00140535 
2.56379e-06 4.53001e-05 2.31078e-05 -8.65713e-07 0 0 0 0 
0.000274983 -0.000362158 0.000125421 2.92898e-05 -3.71751e-07 3.47157e-05 0 0 
0.000175551 -0.000517712 0.000295547 0.000847764 -0.000887748 0.00433307 -3.03099e-06 -2.14612e-06 
0.0013673 0.00011977 0.000151126 0 0 -1.22763e-05 -8.85511e-06 -2.73663e-06 
-0.000617062 -0.00303788 -0.000818063 0 0 0.000227498 0.000742831 0.000281617 
0.00145419 0.00107234 -4.83205e-06 0.00263425 -0.0025724 0.000707606 -0.000798717 -0.0050996 
0.000435987 -8.54702e-05 -0.000964178 0.0074251 -0.0117454 0.00117664 -0.00044315 -0.000611112 
-0.000984046 0.00318987 0.00292521 0.00098905 0.0247498 0.0111582 0.000785476 -0.00061413 
0 1.0933e-05 0 0.000230514 0 4.56896e-05 0 -1.05343e-07 
-5.30759e-07 0 -0.000113079 0 -0.00198303 0 0.000289794 0 
0 0.00255499 0 0.000190151 0 0.000204698 0 -1.4509e-06 
0.000973706 0 0.000519868 0 0 0 2.47491e-06 0 
0 0.000592739 0 0 0 0.000892154 0 0.000570862 
0.00316453 0 0.00100312 0 -0.00165699 0 -0.000140999 0 
0 0.000667917 0 0.00178026 0 -0.000174994 0 -0.000479346 
0.00051921 0 0.000901209 0 0.00174011 0 -0.000722321 0 
-0.00363401 -0.000855699 -0.00242833 0.00351392 -7.40203e-07 0.000301472 -0.000392749 5.06795e-07 
0.0137539 0.00174413 -0.00147083 5.35292e-05 -9.33393e-06 0.000541074 -3.06763e-06 -0.00263519 
0.00075969 0.0015325 -0.0016056 0.00273251 -3.52487e-05 -0.00201443 0.000216215 -0.000264914 
0.000891349 -6.3215e-05 0.0245944 0 0 -0.00308633 0.000127386 -0.000188322 
-0.0100902 0.00123998 0.00951814 0 0 -0.000200777 0.000909883 6.967e-06 
0.000200544 0.00131914 -0.00325967 0.00511945 -0.00189798 0.000534357 -0.00319361 4.78316e-05 
-1.32536e-06 0.0011738 0.000952364 -0.00510755 0.00040992 5.74217e-05 0.000878996 9.71254e-08 
0.0013222 0.012445 -2.02069e-06 -0.0099221 0.00214052 9.67831e-05 0.000299058 2.23089e-05 
-0.000138607 -1.46967e-05 -0.000151299 0.000712292 0.000676476 2.80659e-05 1.28278e-08 2.12144e-07 
-0.000115798 0.000263555 -0.00193672 0.00052711 0.00015117 -1.73301e-05 -0.000152577 -1.03251e-07 
-0.00580909 -0.000243594 0.0284812 0.00230541 0.000429715 -0.000390027 -8.05109e-06 -7.50226e-05 
0.0011454 0.00139131 0.0220428 0 0 0.000670494 -1.54046e-05 -2.38556e-06 
0.00771219 0.000612287 0.0293665 0 0 -0.000118178 -3.01097e-05 -0.00157488 
0.0304543 0.00287513 -0.00299531 5.28161e-05 -2.88e-07 -1.42158e-05 -0.000186154 -3.54357e-06 
0.00144921 0.000738564 0.00733256 1.92966e-05 -1.27538e-05 -2.87946e-05 3.71581e-05 0 
-0.0104812 -0.0049363 -0.00058178 -4.32981e-05 -3.22532e-06 -2.63375e-05 0 -1.98365e-09 
0 0 0.01 0.01 0.02 0.03 0 0 
-9.62857e-08 -9.02101e-07 0.00999972 0.00999998 0.0199977 0.0299996 0 0 
2.30948e-07 -1.83062e-05 0.0099785 0.00989537 0.0202182 0.0299984 0 0 
0 1.77322e-05 0.00921307 0 0 -4.07838e-07 0 0 
7.46873e-06 4.60958e-09 0.0102537 0 0 8.28182e-11 0 0 
1.02285e-08 0.000427284 6.94083e-06 2.53437e-07 0.00163069 -0.0227977 0 0 
0 0.000372761 -6.34814e-06 -0.000136225 0.00403918 0 0 0 
0 9.56086e-06 0.00171849 0.00204842 0 0 0 0 
9.52166e-05 0.00902477 0.00122733 -0.00362183 0.000519881 -0.00283088 -0.00216043 0.000130641 
-0.00107629 0.00333496 0.0128761 0.00028016 0.0011228 6.80388e-05 -5.65064e-05 0.00182108 
3.26657e-05 -0.0036933 0.000486121 -5.30181e-05 0.000545761 -0.000507057 1.17369e-06 0.000783638 
0.000642474 -0.000531479 -8.56688e-05 0 0 9.6783e-05 -1.86714e-06 6.14593e-05 
-0.00195693 2.13793e-05 -8.08608e-06 0 0 0.00131105 1.90884e-05 0.000491106 
3.05284e-05 0.000626784 1.47964e-06 -2.09025e-05 3.00733e-05 -0.000208212 8.93066e-06 0.000275126 
1.68026e-05 0.000110736 4.81305e-05 0.000722992 9.94949e-06 -0.000795044 -5.09001e-05 -0.0348307 
-2.9439e-05 -0.0360129 0.000420357 0.000336624 0.000222018 0.000279717 0.00167965 -0.000832347 
0.000272307 0.000440406 -0.00245769 -0.00721745 0.00463982 -0.00105244 -0.00249513 0.000588211 
0.00391887 0.00215946 -0.010966 0.0206782 -0.000797342 -6.20482e-05 0.000245462 0.00146883 
0.00921455 0.00659538 0.00295977 -8.49176e-05 -0.0039605 -0.00280056 -0.000331989 -0.000219967 
0.0241761 -0.00152 -0.00255475 0 0 -0.00142134 -0.00246168 0.000288106 
-5.89674e-05 -0.000534017 7.67133e-05 0 0 -0.00162704 -3.00934e-05 -4.08372e-06 
8.64647e-06 -2.46718e-05 0.000145491 -1.30272e-06 0.000646988 1.3407e-05 2.08091e-05 -6.4971e-08 
-6.9487e-07 2.67059e-06 0.000562283 6.78229e-05 0.000264493 -7.44077e-05 -2.69406e-06 0 
0 -1.16399e-07 0.000498046 0.000488393 1.47562e-05 -0.000107584 0 0 
0 -0.000426334 0 -0.000770473 0 0.000203912 0 0 
0.00519334 0 -0.0196422 0 0.00137646 0 -0.000299724 0 
0 0.00091907 0 0.0125452 0 -1.4315e-05 0 0.00352157 
1.35846e-05 0 0.00315593 0 0 0 0.00046928 0 
0 -8.83803e-05 0 0 0 3.2089e-05 0 0.000124299 
2.69007e-06 0 3.14282e-05 0 -0.00269258 0 -1.73898e-05 0 
0 -8.1593e-06 0 0.000486571 0 9.69949e-05 0 -0.000748471 
0 0 -3.14369e-05 0 -2.05077e-05 0 4.46394e-05 0 
0.000396784 -0.000211661 0.000231759 -0.000685658 0.00201194 0.00091257 -0.00257717 -0.00329331 
-0.000501759 -0.000830411 0.00275439 -0.00376944 0.00441345 -0.00121156 -0.0135972 -0.00452096 
0.00147255 0.000285233 -0.00194674 0.00011813 0.00280409 0.00229761 -0.00618631 -0.00260119 
0.000303717 -0.00158673 0.00235457 0 0 0.000413335 -0.00127179 -0.000791034 
0.000325462 0.000318813 0.00262962 0 0 -1.71458e-05 0.00127481 -0.00616542 
4.3663e-05 0.00161201 0.00360808 0.00253474 0.0025963 -0.00364509 0.013918 0.00400875 
5.73008e-05 0.00155055 9.48247e-05 0.000651022 8.54583e-05 0.00123444 -0.00554388 0.000147342 
2.29369e-06 6.08075e-05 -0.00411393 -4.50916e-05 0.00305162 0.000528908 -0.00116293 6.01307e-05 
0 -1.33464e-05 7.04729e-06 -1.79735e-05 -0.0013338 0.00681975 -0.00512457 0.00174438 
-2.80069e-07 5.9987e-05 0.000130586 -0.0115312 0.000816143 0.00988691 -4.44979e-06 0.000626736 
-0.000563402 -0.000152291 0.0132344 0.00131949 -0.000588532 -0.000490396 0.00337665 -0.00150696 
2.66213e-06 -0.00156212 1.3958e-05 0 0 0.0302014 0.00112806 -0.00347912 
0.000433714 0.000780121 9.35302e-06 0 0 0.00236747 0.00297602 0.000615916 
-0.00103928 -0.00254354 0.000534289 0.00246163 -0.00134446 -0.00120339 -0.00643317 0.0035731 
0.000158157 -0.0012581 0.0176259 0.00459878 -0.00131249 -0.00128078 -0.00138754 0.00101329 
0.0033633 3.88738e-07 0.00130336 0.000197388 -0.00261477 -0.00028934 1.72672e-06 0 
0 -5.48421e-06 -1.0296e-05 -9.39178e-07 5.42872e-07 0 0 0 
0 0 -3.54872e-06 4.59212e-07 0 0 0 0 
0 -8.43228e-07 -1.90062e-06 0 0 0.00600724 0 0 
-1.70581e-08 -4.61187e-06 -2.13283e-05 0 0 0.000205177 0.0032091 0 
5.13602e-08 -1.98861e-05 8.53452e-05 0 0 -0.01405 0.000810085 0.000215099 
6.5655e-05 0.00165123 -0.0293669 -0.00949484 0.00770648 0.00617003 -0.00314734 2.28214e-05 
9.34059e-05 7.60245e-07 -0.0289984 -0.00763566 0.00093367 0.000299486 0.000510781 0.00570193 
7.17106e-05 0.000747425 -0.0278611 -0.00992388 0.000350238 -3.31726e-05 -0.000134973 2.46649e-05 
1.14423 
-1.1 
