0.3 0.4 3.5 0.5 0.3 0.4 0.1 0.1 0.1 0.1
-0.3 -0.4 -3.5 -0.5 -0.3 -0.4 -0.1 -0.1 -0.1 -0.1
0.3 0.3 1.1 0.5 0.3 0.3 0.1 0.1 0.1 0.1
-0.3 -0.3 -1.1 -0.5 -0.3 -0.3 -0.1 -0.1 -0.1 -0.1
0 0 0 0 0 0 0.036 0
0.036 0 0 0 0 0 0 0
0 0 0 0 0 0 0 0
0 0 0 0 0 0 0 0
0 0 0 0 0 0 0 0
0 0 0 0 0 0 0 0
0 0 0 0 0 0 0 0.001
0 0.001 0 0 0 0 0 0
0 0 0 0 0 0 0 0
0 0 0 0 0 0 0 0
0 0 0 0 0 0 0 0
0 0 0 0 0 0 0 0
0 0 0 0 0 0 0 0
0 0 0 0 0 0 0 0
0 0 0 0 0 0 0 0
0 0 0 0 0 0 0 0
0 0 0 0 0 0 0 0
0 0 0 0 0 0 0 0
0 0 0 0 0 0 0 0
0 0 0 0 0 0 0 0
0 0 0 0 0 0 0 0
0 0 0 0 0 0 0 0
0 0 0 0 0 0 0 0
0 0 0 0 0 0 0 0
0 0 0 0 0 0 0 0
0 0 0 0 0 0 0 0
0 0 0 0 0 0 0 0
0 0 0 0 0 0 0 0
0 0 0 0 0 0 0 0
0 0 0 0 0 0 0 0
0 0 0 0 0 0 0 0
0 0 0 0 0 0 0 0
0 0 0 0 0 0 0 0
0 0 0 0 0 0 0 0
0 0 0.03 0 0 0 0 0
0 0 0.02 0 0 0 0 0
0 0 0.01 0 0 0 0 0
0 0 0 0 0 0 0 0
0 0 0 0 0 0 0 0
0 0 0 0 0 0 0 0
0 0 0.01 0.01 0.02 0.03 0 0
0 0 0.01 0.01 0.02 0.03 0 0
0 0 0.01 0.01 0.02 0.03 0 0
0 0 0.01 0 0 0 0 0
0 0 0.01 0 0 0 0 0
0 0 0 0 0 0 0 0
0 0 0 0 0 0 0 0
0 0 0 0 0 0 0 0
0 0 0 0 0 0 -0.001 0
-0.001 0 0 0 0 0 0 0
0 0 0 0 0 0 0 0
0 0 0 0 0 0 0 0
0 0 0 0 0 0 0 0
0 0 0 0 0 0 0 0
0 0 0 0 0 0 0 -0.036
0 -0.036 0 0 0 0 0 0
0 0 0 0 0 0 0 0
0 0 0 0 0 0 0 0
0 0 0 0 0 0 0 0
0 0 0 0 0 0 0 0
0 0 0 0 0 0 0 0
0 0 0 0 0 0 0 0
0 0 0 0 0 0 0 0
0 0 0 0 0 0 0 0
0 0 0 0 0 0 0 0
0 0 0 0 0 0 0 0
0 0 0 0 0 0 0 0
0 0 0 0 0 0 0 0
0 0 0 0 0 0 0 0
0 0 0 0 0 0 0 0
0 0 0 0 0 0 0 0
0 0 0 0 0 0 0 0
0 0 0 0 0 0 0 0
0 0 0 0 0 0 0 0
0 0 0 0 0 0 0 0
0 0 0 0 0 0 0 0
0 0 0 0 0 0 0 0
0 0 0 0 0 0 0 0
0 0 0 0 0 0 0 0
0 0 0 0 0 0 0 0
0 0 0 0 0 0 0 0
0 0 0 0 0 0 0 0
0 0 0 0 0 0 0 0
0 0 0 0 0 0 0 0
0 0 0 0 0 0 0 0
0 0 0 0 -0.015 -0.03 0 0
0 0 0 0 -0.015 -0.015 0 0
0 0 0 0 0 0 0 0
0 0 0 0 0 0 0 0
0 0 0 0 0 0 0 0
0 0 0 0 0 0 0 0
0 0 0 0 0 0 0 0
0 0 0 0 0 0 0 0
0 0 -0.03 -0.01 0 0 0 0
0 0 -0.03 -0.01 0 0 0 0
0 0 -0.03 -0.01 0 0 0 0
2.1
2.1


0.282501 0.387579 2.5 0.480458 0.29255 0.408053 0.0983261 0.122565 0.101368 0.122179 
-0.280321 -0.34229 -2.39621 -0.468511 -0.271766 -0.385311 -0.0954399 -0.09345 -0.09996 -0.115831 
0.312498 0.29832 1.0996 0.517375 0.295884 0.304339 0.106126 0.0969492 0.112838 0.0964156 
-0.287809 -0.288723 -1.1004 -0.486378 -0.296015 -0.293044 -0.102511 -0.0975933 -0.100974 -0.0976099 
-0.000275768 0.00494819 -1.76438e-05 -5.4797e-07 -0.00529366 0.000287079 0.0343326 -0.000530476 
0.0401014 0.00546785 3.35149e-05 -1.76182e-07 6.7582e-05 -1.04691e-05 0.000590832 -4.17238e-05 
-0.0165807 -0.000332482 1.57866e-05 0.00033526 0 0 -0.000240418 -5.73318e-06 
-1.67021e-06 -2.09002e-07 0 0 0 0 -4.05354e-08 -1.90862e-09 
-9.05146e-10 -3.22586e-07 0 0 0 -1.31401e-07 -1.85506e-08 0 
-2.26599e-09 0.00362631 0.00442543 -0.00652447 0.000634072 0.000253474 -8.81774e-05 7.75852e-08 
0.0020225 -3.77833e-08 3.75693e-06 -0.000912821 0.00139977 0.0181696 -0.00111595 -0.00636164 
-8.32344e-10 0.001 -2.24084e-07 -0.000139259 -0.00740394 0.0121958 0.000809893 -1.81463e-05 
0 0 0 0 0 0 0 0 
0 0 0 0 0 0 0 0 
0 0 0 0 0 0 0 0 
0 0 0 0 0 0 0 0 
0 0 0 0 0 1.72564e-06 2.50463e-08 0 
0 -1.12855e-05 -0.00339891 -0.00475181 0.00440466 0.000293413 -2.44569e-07 0 
9.73101e-05 -3.28708e-07 -0.0156135 -0.000262003 0.00469615 0.000908024 -1.81335e-06 0 
0 -0.00530218 0.00100115 0.0228009 -0.00712171 0.00185294 -3.96766e-06 0 
0 -1.75269e-05 0 -3.09587e-06 0 -1.23949e-06 0 0 
0.00364872 0 -0.00178744 0 -9.4246e-06 0 -1.20995e-07 0 
0 -0.00275018 0 0.000165352 0 -6.46699e-06 0 -5.76071e-07 
0.0227599 0 -1.1388e-05 0 0 0 -1.67399e-05 0 
0 0.000156828 0 0 0 6.41818e-05 0 -0.00277287 
4.07711e-05 0 -0.0155753 0 -0.0118913 0 -7.608e-07 0 
0 -7.42336e-06 0 0.0249001 0 0.000368117 0 0 
0 0 8.33063e-05 0 3.95149e-05 0 -1.02693e-07 0 
-8.33753e-05 0.000318991 4.71431e-06 -3.5435e-08 2.54201e-07 0 4.15467e-07 0 
-8.7972e-06 0.00420672 -0.000227928 -1.79742e-06 -5.36258e-05 4.3908e-06 -1.26636e-06 0.000858444 
0.00362211 0.0152437 -0.00287359 0.00046472 4.89218e-05 -0.00345951 -8.10694e-07 0.00404963 
-0.00247474 -0.000785889 0.000740817 0 0 3.76042e-07 -0.000103948 -0.0016595 
-3.15312e-05 -0.00440479 -0.0107054 0 0 0.00104194 -0.00201297 0 
-1.01398e-06 0.00335426 0.00129309 -0.0117106 -8.89374e-05 0.0053872 0.004893 -2.57442e-06 
0.0162952 0.000796581 1.16966e-05 -0.0165596 -0.00700125 0.00108768 -1.21423e-06 0.00574993 
5.07118e-06 -9.70801e-06 -3.45061e-07 -3.16367e-05 -1.70013e-05 -0.00268001 -7.14143e-06 -0.00226159 
0 -1.29923e-05 0 1.59787e-05 7.70245e-06 1.81232e-06 0 0 
-0.000655653 3.7882e-06 0.00154487 0.00309289 0.00852072 -3.18253e-05 0 0 
-0.000355879 0.00125125 0.0339318 -2.20192e-06 3.62044e-07 -4.35484e-05 0 0 
5.4609e-06 -0.00236128 0.0275746 0 0 0 0 0 
-3.55131e-06 0.00246131 0.0108663 0 0 0 0 0 
-5.75868e-06 0.0036976 -0.00237706 0 0 0 0 0 
-0.00442438 -0.00401458 -0.000928653 0 0 0 0 0 
-0.00205081 0.000779228 -0.000566256 0 0 0 0 0 
0 0 0.01 0.01 0.02 0.03 0 0 
0 0 0.01 0.01 0.02 0.03 0 0 
0 0 0.01 0.01 0.02 0.03 0 0 
0 0 0.01 0 0 0 0 0 
3.71123e-09 -2.75469e-07 0.00999984 0 0 0 0 0 
-3.32514e-08 0.00402127 -2.27541e-07 -0.000327165 -8.39943e-05 0.00475545 0 0 
0 0.000400771 -6.86421e-08 0.000804977 -0.0138241 0 0 0 
0 -3.97533e-09 0.000674263 0 0 0 0 0 
-0.00222853 0.000752726 0.00598885 -0.00214814 -0.0134488 -0.000166868 -0.000290286 -4.38944e-05 
-0.00144181 0.0122317 -0.0154664 0.00770987 0.00970924 0.000627993 0.000340017 -4.11795e-05 
0.0096675 0.00703649 -0.00241649 -0.00862024 0.00703486 0.000123745 2.30704e-05 -3.85793e-05 
-4.95744e-06 0.00306799 -6.6206e-06 0 0 1.26626e-06 4.02493e-08 -4.04195e-05 
-9.46448e-08 0 1.7841e-05 0 0 8.83138e-09 2.25719e-07 -1.31779e-05 
1.28017e-06 3.21671e-07 1.15455e-07 1.54604e-07 7.21644e-07 8.34694e-08 -5.57598e-05 -0.00125063 
5.19664e-07 2.3795e-06 -6.99565e-09 -1.48992e-07 2.92369e-07 -2.3369e-07 -1.20818e-05 -0.0342306 
2.69663e-08 -0.0344547 1.31611e-07 1.79668e-07 4.09005e-07 0.000112815 0.00119084 0.000252121 
-0.000410867 -7.92173e-05 -0.00657456 0.00122763 -0.00106377 -0.0011036 0.00298276 0.00252091 
-0.00110257 -0.000554513 0.000291105 0.00298736 0.00146078 0.00441612 0.00184429 -9.78163e-05 
-0.00141601 4.12331e-07 0.00617086 -0.00611767 0.00611307 -0.00792586 -0.0025122 -0.000298552 
0 0.0022156 0.00229373 0 0 -0.00378093 -0.00133521 -2.04604e-06 
0 0 5.16873e-07 0 0 -0.000225232 -0.000938719 -0.00101352 
0 0 0 0 1.80884e-05 2.90902e-05 5.68873e-06 -0.00073246 
0 0 0 0 0 0 0.00229548 1.07754e-07 
0 0 0 0 0 0 0 0 
0 -5.80402e-08 0 3.00219e-06 0 -1.64407e-06 0 0 
1.48952e-08 0 0.000162909 0 0.00275627 0 -3.81919e-05 0 
0 5.29829e-08 0 -0.00246317 0 -1.2816e-05 0 -0.00436602 
0 0 0.000168413 0 0 0 -0.00399715 0 
0 5.23576e-07 0 0 0 0.0193748 0 -1.2381e-05 
0 0 0 0 0.000771479 0 -1.66062e-06 0 
0 0 0 0.00195632 0 -0.000875035 0 -1.4164e-06 
0 0 0.000195199 0 0 0 2.60274e-07 0 
0 0 2.0692e-07 3.69683e-05 -0.000372109 -0.00607539 -5.17404e-05 -8.8163e-06 
0 2.81319e-07 3.63398e-05 -4.51627e-05 -0.0118005 -0.000302789 0.0109243 0.00859141 
-3.76424e-07 0 1.97501e-07 0.000272285 0.0138061 0.000462415 -0.00062435 -1.00768e-06 
3.30627e-09 7.95407e-10 -0.000163919 0 0 -0.00269673 -0.00530158 -0.000755818 
-9.6043e-06 0 6.58084e-07 0 0 -0.00193314 -8.25167e-05 -0.000295944 
0 -6.44791e-05 3.35425e-05 5.79198e-05 0.000719101 0.00195078 0.0172263 -0.0265702 
0 0 0 1.26803e-06 0.000695191 0.0321789 -0.000339218 -1.14481e-05 
1.50288e-07 0 2.98083e-06 1.9143e-06 9.60196e-07 0.00909574 -0.00146997 -0.0261831 
0 2.43038e-06 0 7.80616e-07 1.59199e-06 0.00806398 -0.00683225 0.000427974 
7.73857e-05 0 9.7675e-07 -0.000383852 -1.18556e-05 0.00656264 0.0081075 0.00727071 
0 0.000642937 0.00156609 -0.00686936 0.000118021 -0.000221967 -0.0191146 -0.00720349 
-0.000550719 0 0.000505365 0 0 0.00795878 -0.000151745 -0.00544411 
0 -0.000343709 -8.2607e-09 0 0 -0.0031594 0.00351602 -1.19752e-06 
-4.25376e-07 0 -0.000157451 -7.22502e-05 -0.0142749 -0.0310689 -0.000129025 5.85281e-07 
0 1.34125e-06 -4.11371e-07 0.00239431 -0.0200575 -0.0143588 0.00144949 -1.19677e-07 
0 0 3.91197e-05 0.00522662 0 0.00039806 0 0 
0 -3.1727e-06 0 0.000502545 0 -6.87263e-06 0 -8.73194e-09 
0 0 -0.0087434 0 -0.00746245 0 -0.000444987 0 
-2.93491e-06 0.000133025 0 -1.00241e-06 0 -0.00368006 0 1.85797e-05 
0.000844719 0 0 0 0 -0.000268737 0.000702645 0 
0 5.26591e-05 -1.99535e-08 0 0 0.0110687 0.000665771 -0.001543 
6.49191e-06 0 -0.0296909 -0.00386082 0.00250398 -0.00998544 0.00115155 -2.27767e-09 
0 0.00014746 -0.0300047 -0.0126292 0.0200761 -0.00141862 -0.00481026 -1.89148e-05 
-1.73661e-06 0 -0.0299985 -0.00996859 0.000936062 -0.00187509 0 0 
2.20106 
2.1 
